276:[614, 237, 240, 343, 345],
277:[320, 291, 199, 456, 457, 329, 330, 201, 337, 309, 318],
278:[160, 235, 239, 212, 214, 157],
279:[905, 374, 901, 894],
280:[162, 454, 455, 200, 519, 401, 214, 444],
281:[322, 326],
282:[992, 993, 480, 293, 295, 360, 938, 939, 428, 376, 474, 315, 158, 479],
283:[417, 419, 342, 344, 315, 318],
284:[371, 374],
285:[368, 409, 384, 469],
286:[421, 652, 653, 375, 411, 412],
287:[448, 322, 323, 290, 291, 162, 493, 434, 436, 119],
288:[288, 280, 640, 249, 695, 638, 211, 212, 629, 630, 279, 184, 185, 250, 694, 286],
289:[419, 356, 420, 238, 239, 208, 401, 654, 655, 318, 319],
290:[247, 207],
291:[192, 161, 796, 720, 820, 92, 831],
292:[290, 143, 144, 721, 240, 688, 254],
293:[240, 288],
294:[512, 201, 691, 503, 343, 447],
295:[195, 191],
296:[],
297:[289, 237, 693, 695, 251],
298:[645, 709, 743, 744, 650, 143, 688, 539, 763, 638, 191],
299:[634, 644],
300:[385, 141, 143],
301:[355, 394, 947, 500, 951, 795, 541],
302:[684, 239, 245, 119, 345, 95],
303:[448, 329, 252, 686],
304:[352, 165, 554, 587, 364, 173, 624, 369, 179, 115, 570],
305:[461, 481, 427, 405],
306:[647, 458, 747, 460, 653, 626, 627, 788, 663],
307:[231, 722, 822, 823, 603, 860],
308:[459, 421],
309:[545, 510, 530, 313, 350, 543],
310:[928, 416, 323, 932, 518, 828, 392, 684, 269, 659, 852, 731, 316],
311:[194, 199],
312:[297, 183],
313:[522],
314:[329, 781, 333],
315:[201, 364, 304, 149, 312, 381],
316:[194, 198],
317:[419, 381, 327],
318:[355, 356, 566, 567, 602, 411, 415],
319:[241, 289],
320:[513, 535],
321:[536, 434, 630, 335],
322:[930, 932, 203, 272, 947, 150, 346, 959],
323:[96, 199, 200, 204, 141, 279, 280],
324:[135, 208, 145, 114, 125, 126],
325:[226, 227, 39, 9, 234, 235, 299, 300, 77, 243, 244],
326:[867, 868, 892, 250, 269, 946, 278, 311, 920, 217, 922, 988, 894],
327:[832, 770, 932, 228, 110, 212, 1079, 506, 829],
328:[194, 195, 231, 232, 201, 266, 203, 214, 216, 251, 253, 223],
329:[1026, 529, 531, 920, 803, 183, 185, 957, 962, 969, 845, 333, 984, 989, 223, 991, 999, 492, 495, 1016],
330:[1025, 930, 193, 1092, 1094, 999, 137, 1071, 111, 112, 978, 441],
331:[138, 139, 155, 754, 914, 916, 859],
332:[121, 283, 956],
333:[100, 102, 456, 244, 246],
334:[248, 458, 456, 247],
335:[453, 494],
336:[473, 730, 491, 276],
337:[419, 373],
338:[152, 156],
339:[226, 259, 772, 645, 586, 301, 538, 120, 665, 282, 826, 159],
340:[359, 201, 202, 691, 692, 634, 635],
341:[416, 609, 227, 356, 357, 552, 424, 586, 567],
342:[482, 228, 230, 647, 523, 207, 529, 372],
343:[417, 204, 500],
344:[414, 595, 188, 206],
345:[579, 259, 234, 463, 381, 318],
346:[672, 736, 707, 741, 710, 744, 589, 592, 670],
347:[328, 335],
348:[516, 292, 499, 152, 189],
349:[774, 364, 342, 983, 63],
350:[162, 469, 344, 315, 668, 286],
351:[272, 554],
352:[869, 870, 315, 316, 159],
353:[384, 543],
354:[388, 489, 491, 280, 286],
355:[146, 563, 540, 542, 511],
356:[179, 215, 157, 158, 191],
357:[417, 227, 299],
358:[106, 110],
359:[515, 521, 491, 503],
360:[365, 556, 373, 342],
361:[427, 452],
362:[547, 589],
363:[208, 363, 403, 292],
364:[421, 517, 521, 461, 402, 407],
365:[954, 837, 134, 135, 838, 808, 294, 939, 168, 238, 273, 274, 305, 410, 157, 862],
366:[827, 849, 819, 788, 795, 766],
367:[795, 262, 135, 1035, 207, 754, 183, 891, 829],
368:[299, 302, 272, 242, 275, 245],
369:[482, 1000, 1072, 1074, 531, 532, 403, 1042, 471, 472, 435, 507],
370:[593, 587, 589],
371:[320, 329, 332, 366, 343, 347],
372:[360, 341, 374, 343, 376, 318],
373:[360, 155, 157],
374:[427, 669, 389, 415],
375:[426, 315, 478],
376:[552, 522, 339, 535, 412],
377:[322, 802, 493, 536, 281, 956],
378:[368, 297, 317, 463],
379:[192, 197, 373, 504, 377, 414, 191],
380:[768, 865, 754, 870],
381:[546, 168, 779, 140, 411],
382:[376, 380],
383:[384, 273, 500, 598, 535, 124],
384:[489, 148, 628, 213, 214],
385:[993, 546, 164, 581, 143, 561, 438, 314],
386:[601, 809, 590, 599],
387:[323, 165, 108, 689, 722, 345],
388:[257, 225, 259, 427, 331, 333, 429, 369, 371, 319],
389:[225, 226, 257, 259, 237, 244, 406, 408, 252, 382],
390:[329, 331],
391:[355, 517, 680, 472, 761, 763, 637],
392:[96, 523, 817, 531, 181, 188, 766],
393:[376, 492, 783],
394:[448, 380],
395:[160, 193, 201, 185, 186, 253],
396:[233, 405, 344, 603, 159],
397:[641, 326, 168, 653, 752, 753, 275],
398:[201, 202, 240, 121, 122, 94],
399:[451, 462, 727],
400:[504, 225, 254],
401:[577, 522, 246, 183],
402:[128, 450, 99, 596],
403:[697, 932, 388, 63],
404:[388, 807, 201, 460, 621, 463, 785, 434, 179, 888, 443, 381],
405:[424, 521, 330, 718, 270],
406:[515, 468, 367],
407:[512, 827, 163, 108, 784, 123],
408:[65, 289, 425, 496, 816],
409:[421, 166, 588, 332, 271, 303, 281],
410:[345, 347, 365, 318],
